12626047
12621430
12625629
12626849
12620181
12618255
12621881
12618222
12620679
12619208
12625721
12627538
12620220
12622715
12617383
12623215
12618379
12628471
12621346
12622639
12619486
12627438
12619345
12626517
12627753
12619049
12624226
12626477
12624657
12621222
12626994
12621954
12624564
12623088
12618502
12618579
12620480
12623648
12627403
12619984
12622370
12623441
12621737
12622813
12619072
12617129
12625219
12617682
12619813
12627592
12621804
12626169
12625335
12627338
12621968
12625382
12626392
12620689
12626343
12623976
12623824
12620494
12621523
12622839
12621594
12617860
12618902
12624722
12624773
12625299
12618953
12623768
12622247
12628149
12621021
12618426
12622784
12627356
12617909
12617201
12618153
12617529
12622966
12619413
12626369
12623022
12621641
12627671
12627686
12617950
12619926
12620449
12626234
12627238
12625924
12624857
12625971
12618404
12624828
12623841
12623814
12625107
12617989
12619391
12621902
12622944
12620554
12617813
12619726
12623016
12620138
12619425
12622557
12618877
12626733
12621784
12618990
12624948
12617363
12627216
12626969
12622187
12621530
12625121
12620572
12621682
12624373
12617776
12621653
12620103
12619104
12628353
12622541
12625859
12618753
12624962
12624286
12618724
12620974
12619093
12628291
12617621
12626642
12620800
12622600
12620849
12617290
12623356
12626064
12627971
12624388
12621415
12626599
12627112
12625862
12626759
12621864
12626784
12625003
12619609
12628262
12618354
12618309
12623414
12619561
12628454
12622614
12623314
12618611
12620386
12617450
12628339
12617047
12617184
12621067
12626416
12626199
12618332
12627844
12621241
12618389
12625987
12624507
12618410
12625688
12623464
12620742
12619055
12618294
12619234
12617159
12627571
12619872
12627524
12622239
12628514
12623566
12626434
12620213
12626119
12617510
12625310
12623284
12621331
12620615
12621678
12618549
12628481
12626086
12617946
12621332
12617997
12625608
12626569
12617493
12621092
12624195
12626264
12624470
12622950
12619858
12619885
12628182
12618639
12618102
12625185
12628139
12617478
12617826
12627803
12622442
12623094
12628066
12619160
12622073
12624305
12619945
12619998
12627992
12626811
12622809
12626534
12626950
12617645
12620757
12624791
12618179
12621125
12626173
12619376
12624663
12623295
12621923
12622439
12626962
12626359
12618854
12624485
12619918
12622827
12621006
12624259
12618077
12618949
12625276
12627765
12626944
12628153
12625490
12625740
12622106
12621497
12626377
12623940
12619290
12623995
12624981
12620305
12617872
12624936
12618051
12624077
12619023
12617602
12626999
12620826
12623117
12618445
12617222
12627370
12617273
12623589
12627397
12627954
12622905
12620068
12621456
12627171
12625523
12625845
12619298
12625062
12621514
12626490
12627259
12618982
12625905
12628362
12625950
12624581
12623753
12625168
12620671
12621776
12623333
12623612
12618632
12617477
12627629
12627182
12622089
12626745
12626710
12622752
12625048
12617317
12627262
12627863
12624036
12618315
12622193
12626685
12627099
12625153
12627044
12621108
12624394
12620506
12621366
12617784
12619475
12625650
12623044
12619198
12628325
12628370
12621878
12622560
12618602
12624263
12619257
12620935
12624435
12627501
12623547
12626185
12623553
12619640
12617085
12617067
12617582
12627019
12627066
12628415
12626045
12626243
12626010
12621436
12619300
12626542
12624101
12626847
12621887
12618220
12620183
12625727
12623217
12619193
12619329
12624094
12619666
12623578
12619703
12619540
12619480
12628473
12624414
12628047
12622185
12619110
12627463
12623478
12628387
12617110
12625199
12626150
12626475
12618463
12621220
12621275
12620271
12625359
12624562
12618500
12621604
12619986
12620482
12623394
12622372
12619713
12623443
12617684
12620366
12619844
12617659
12627590
12628170
12627819
12625337
12627336
12623836
12621329
12627690
12626390
12618526
12621356
12618698
12621596
12620492
12624771
12618900
12624056
12625297
12620729
12622786
12624877
12618420
12617907
12617203
12627899
12627350
12623020
12622960
12619411
12627684
12626980
12617764
12621643
12622007
12619924
12626236
12627236
12617956
12624880
12625926
12621702
12624855
12619961
12620892
12623812
12625105
12624875
12623843
12620552
12622121
12623523
12618591
12618875
12618112
12627659
12622559
12622851
12619272
12628199
12622773
12622292
12627210
12617361
12625919
12626662
12622129
12625123
12622259
12621057
12627948
12624371
12620529
12626301
12619458
12626890
12621316
12620421
12625802
12618751
12624284
12623163
12619091
12628242
12628239
12626644
12621395
12628293
12623749
12626699
12627085
12619518
12622602
12617296
12617940
12623378
12626066
12627973
12621794
12621417
12624027
12617434
12617469
12627110
12627633
12626786
12625054
12620929
12625001
12628264
12623278
12617824
12628378
12620650
12628086
12625446
12626059
12623316
12622612
12621870
12622329
12617426
12617766
12626771
12617182
12621069
12627846
12620082
12626410
12621292
12625985
12621243
12627027
12624501
12621623
12621000
12620359
12625631
12622583
12620199
12628311
12618292
12618269
12627457
12627522
12619232
12627573
12617051
12622729
12623564
12617397
12619333
12617033
12622474
12621269
12617512
12625316
12617055
12628039
12628483
12620617
12626084
12621334
12626828
12626262
12626299
12618207
12624752
12619887
12625230
12624254
12618100
12625183
12620862
12627805
12624638
12620776
12624643
12623092
12622440
12628013
12628064
12619166
12622024
12622071
12627990
12619947
12627417
12618156
12626541
12622807
12626219
12625256
12617647
12625881
12626952
12624209
12621127
12623833
12619374
12624665
12625378
12621925
12626357
12624487
12626441
12623669
12618856
12620401
12619965
12621158
12618075
12622821
12625278
12627767
12627282
12619596
12621454
12619830
12628151
12626942
12621131
12622159
12627319
12621499
12626371
12618869
12625578
12617137
12623942
12625503
12620303
12618053
12624983
12623412
12624071
12619793
12617832
12618961
12617604
12626629
12618443
12624812
12622162
12620824
12617275
12627399
12623884
12622903
12627610
12625525
12626492
12628209
12625952
12618980
12625903
12624538
12624583
12625425
12619978
12623331
12620588
12618634
12622399
12627184
12627159
12624412
12618303
12622087
12626747
12620919
12618716
12622750
12621019
12627264
12628289
12626687
12625407
12627046
12621469
12621364
12619477
12624426
12617625
12621708
12622562
12628327
12619251
12620937
12620782
12625778
12619646
12623237
12617580
12617083
12627064
12619579
12628413
12620169
12621253
12626012
12625678
12622337
12621434
12618260
12626845
12621850
12624103
12618235
12621885
12618226
12625725
12625752
12621813
12619668
12622046
12623219
12624092
12623711
12619542
12620234
12622183
12619482
12617886
12622682
12627434
12627461
12619748
12617812
12628385
12619733
12617112
12627569
12619868
12622232
12621032
12626473
12621148
12626152
12621277
12625357
12618506
12627432
12620484
12623396
12625612
12622374
12626527
12620002
12618248
12617686
12619846
12627596
12628172
12622708
12620608
12625331
12627334
12627369
12626396
12619043
12618528
12627692
12623699
12620490
12621590
12626506
12620003
12625295
12620268
12624871
12618488
12619588
12617864
12618422
12622788
12624336
12627352
12617905
12622093
12621691
12617525
12622962
12622421
12619417
12623026
12618021
12621666
12621645
12622005
12627682
12622502
12619922
12620423
12626238
12627719
12627234
12625204
12625920
12620701
12618408
12623810
12625103
12621906
12622948
12620550
12626338
12617578
12623012
12621535
12624163
12619421
12618593
12623826
12618822
12618873
12623985
12619268
12624999
12618775
12624944
12622290
12627733
12617336
12627744
12626660
12619522
12623133
12626562
12625178
12622659
12621110
12619119
12627383
12624377
12626303
12626892
12623069
12627169
12625800
12625855
12618757
12624919
12624966
12617309
12625078
12620259
12618843
12628240
12626646
12619516
12623747
12622604
12627087
12620669
12617294
12617241
12626060
12618648
12627631
12617432
12617942
12620299
12621050
12625056
12625706
12620200
12628266
12618350
12618305
12622830
12621322
12628080
12625444
12622610
12623310
12618615
12618662
12622899
12620382
12622201
12619378
12618064
12626773
12617180
12622731
12626412
12626195
12627840
12621373
12627025
12624503
12621621
12624644
12619133
12617436
12624119
12618267
12622581
12620197
12618290
12620941
12619230
12627520
12622727
12623562
12626438
12619331
12619614
12621831
12619934
12625314
12626607
12628467
12627191
12628485
12621336
12626297
12621716
12624199
12624474
12626909
12619889
12624256
12625181
12624641
12627375
12623090
12619164
12628011
12622026
12619941
12627415
12626815
12622805
12622308
12619066
12623105
12625223
12626954
12625254
12617641
12628509
12619809
12618128
12623452
12621201
12624667
12624328
12621927
12621990
12626355
12618554
12622019
12624481
12623962
12623919
12622823
12618073
12624048
12627280
12621799
12619832
12624429
12626940
12619594
12628157
12625888
12620872
12626373
12623944
12625501
12623999
12621648
12624985
12620301
12618008
12624710
12623142
12618963
12624073
12619795
12620963
12617606
12618414
12624845
12620822
12618441
12623886
12617277
12622954
12617544
12622901
12625527
12627612
12617915
12626101
12621344
12621510
12625901
12620859
12625427
12623871
12623337
12618681
12618636
12626803
12624410
12627186
12622085
12617568
12618714
12620917
12617342
12627266
12619089
12627867
12628287
12626681
12625405
12627040
12619437
12627967
12621362
12621399
12626871
12623048
12624424
12620780
12619253
12620931
12623481
12625019
12619633
12623543
12623242
12619644
12623728
12617081
12617586
12628444
12628411
12623359
12626041
12626014
12621319
12622331
12627131
12624105
12626843
12618888
12621852
12623596
12625022
12618326
12624090
12620078
12623713
12621257
12618085
12619544
12624519
12622684
12622181
12623652
12621341
12627436
12623474
12626838
12623199
12619690
12628383
12619731
12619866
12626939
12627754
12626424
12626154
12626471
12624608
12621271
12625355
12621706
12618573
12620603
12618504
12626625
12627409
12620486
12623642
12622376
12619717
12619078
12617688
12621730
12619840
12628196
12627594
12627541
12622254
12627807
12625388
12621805
12625333
12627332
12627694
12626394
12628056
12623929
12627489
12621592
12626504
12621529
12626201
12625268
12625899
12625293
12620725
12624235
12619041
12618163
12624873
12617903
12622246
12623519
12621022
12619694
12621959
12622423
12623024
12617527
12619415
12617862
12627680
12622052
12621647
12622003
12619920
12621309
12627232
12625206
12624884
12625922
12624859
12625101
12623847
12621973
12619156
12621904
12621783
12628218
12618595
12623010
12618871
12624161
12623987
12618824
12622855
12624946
12620478
12618777
12617490
12617330
12622296
12627731
12627249
12623773
12621652
12626666
12619520
12621112
12620869
12620578
12627381
12627944
12624375
12621845
12620109
12626894
12627167
12625857
12618780
12624964
12620452
12618755
12625076
12628246
12620793
12626648
12625948
12623745
12619514
12618460
12622606
12617399
12623374
12626062
12623329
12623357
12620006
12617430
12617465
12627141
12626728
12625868
12626782
12626753
12625050
12621052
12624022
12618307
12627879
12617046
12620878
12628082
12625442
12620512
12623312
12618660
12622476
12619463
12628348
12622578
12628333
12626775
12624299
12619249
12622733
12621509
12626197
12627842
12621296
12618338
12625981
12622483
12627023
12621627
12620132
12626008
12621406
12618145
12622587
12620195
12619778
12628315
12618265
12623934
12620231
12627577
12623265
12622725
12619616
12623560
12617393
12620646
12622217
12617037
12622478
12623580
12621033
12628465
12628035
12628487
12628430
12623829
12626088
12620474
12621338
12627795
12624476
12626295
12618203
12621100
12617168
12624250
12621172
12626128
12621238
12618392
12624647
12628017
12620018
12618538
12628068
12622020
12619019
12619992
12619943
12627413
12626248
12623107
12626545
12622803
12619064
12617643
12625221
12626956
12620278
12628108
12626175
12626102
12618923
12621203
12624669
12621992
12621823
12624483
12617802
12623960
12620378
12622878
12621089
12618086
12619902
12618938
12627286
12618943
12619592
12619834
12622792
12628155
12628122
12618438
12622100
12622155
12622978
12625743
12626328
12617774
12621543
12618066
12625507
12624987
12626222
12623416
12619797
12624712
12618965
12621375
12624847
12618416
12619369
12623538
12623114
12622400
12617542
12627614
12622527
12625529
12621512
12627776
12625956
12625421
12624129
12624699
12620533
12623335
12618683
12621381
12619440
12626888
12623071
12624140
12622083
12624925
12618712
12617311
12617344
12617785
12627268
12628285
12627865
12626683
12626634
12621704
12620955
12627042
12627093
12622192
12625163
12620294
12627965
12624392
12621465
12626877
12627108
12624422
12625592
12625821
12622566
12625874
12620933
12620984
12624269
12623483
12625774
12623240
12626543
12619631
12628214
12621508
12617584
12627068
12623222
12628446
12626016
12623609
12617446
12622881
12621438
12626242
12626841
12621854
12619301
12624459
12621889
12619047
12625729
12625024
12620792
12626408
12618371
12618324
12623715
12621255
12619546
12622631
12624517
12623654
12622686
12627430
12620110
12619117
12623476
12617133
12628381
12619737
12617116
12619864
12626426
12626156
12622464
12617736
12618464
12621602
12618571
12617247
12620488
12623392
12625616
12620416
12623449
12619211
12627543
12619842
12628194
12620367
12628176
12622252
12619350
12623501
12627330
12627813
12619053
12628054
12627696
12620784
12623527
12621328
12627988
12619959
12622322
12626203
12626502
12625291
12625266
12624233
12621155
12620727
12618165
12617954
12624332
12619696
12617901
12626586
12622425
12624051
12622001
12619977
12622054
12617894
12626981
12627715
12627230
12621781
12624886
12621712
12620894
12619399
12620632
12624167
12618597
12623981
12620319
12618771
12617492
12622857
12627737
12617332
12623138
12627748
12624067
12624240
12626961
12623771
12617674
12626664
12622351
12622176
12623287
12618459
12617218
12625129
12617263
12627387
12622919
12621056
12626307
12626896
12627165
12627668
12620450
12618029
12618782
12626486
12623165
12625074
12620043
12628233
12620053
12617629
12628244
12624831
12621035
12619512
12624595
12617845
12623743
12622608
12620841
12617298
12617245
12617974
12622922
12623372
12621248
12619315
12619146
12627143
12627642
12621795
12621839
12626751
12621054
12622768
12625052
12624020
12618301
12623738
12621559
12625440
12625415
12618619
12625417
12623052
12619461
12621877
12617716
12628331
12626777
12619247
12622735
12620088
12623209
12626191
12619676
12617598
12621294
12627074
12620785
12627021
12627984
12621185
12621625
12623936
12621404
12625637
12625680
12628317
12618263
12621897
12622585
12620945
12625717
12622723
12617391
12623267
12619610
12617518
12617035
12619634
12618146
12628432
12628463
12626020
12628037
12622199
12622405
12626561
12624478
12617698
12624252
12621170
12626469
12618390
12624645
12624632
12624790
12620861
12628015
12620775
12618536
12620244
12622022
12618090
12620702
12627444
12626819
12622801
12622304
12619062
12623101
12625227
12617140
12626958
12620400
12626452
12621205
12625327
12621994
12626351
12624543
12618550
12623966
12617800
12620376
12617960
12622359
12618624
12620655
12624044
12627284
12624749
12618941
12619836
12628120
12619590
12623794
12618436
12622790
12624867
12622157
12621457
12627346
12622417
12622976
12617412
12619405
12623948
12625505
12622048
12625572
12620024
12618059
12626220
12620004
12624714
12623146
12625249
12618967
12620888
12624841
12623828
12622168
12623882
12623581
12622406
12617540
12618590
12622521
12627616
12624179
12619901
12621013
12627774
12620732
12627251
12626658
12624589
12625160
12625489
12623875
12618685
12621383
12624349
12620535
12623073
12618810
12624142
12619442
12618495
12625755
12622081
12624923
12626718
12618710
12618745
12622208
12620913
12617346
12617617
12628278
12626636
12628283
12627091
12617284
12625409
12622674
12621467
12626875
12619683
12624420
12625594
12625823
12620986
12626798
12622980
12620968
12625776
12618188
12619637
12628216
12624523
12618234
12628440
12618627
12624441
12621348
12622386
12617411
12617444
12627135
12621739
12621856
12621723
12625026
12625781
12626406
12618322
12618373
12621812
12623717
12622045
12624515
12622633
12623656
12625649
12627924
12619181
12623470
12619735
12619742
12619862
12627518
12619899
12626420
12623228
12622233
12621031
12625304
12621228
12622466
12624037
12625351
12617072
12627000
12618577
12620607
12617836
12625663
12625614
12619182
12618217
12628192
12627598
12619819
12627545
12622250
12619352
12627811
12617121
12617925
12627698
12617797
12627485
12627458
12619957
12618848
12626500
12626555
12626205
12624779
12625264
12618908
12621667
12626924
12620721
12624231
12618167
12621157
12618482
12624615
12620422
12623515
12624330
12627358
12621487
12622427
12621988
12623028
12617523
12618519
12619419
12621690
12622504
12617896
12619971
12622367
12627298
12625202
12627717
12620902
12624888
12623535
12623788
12617969
12626389
12621908
12623344
12618599
12624165
12623983
12623682
12619090
12618010
12624942
12624993
12618773
12617494
12623428
12627218
12624065
12627735
12623777
12617676
12624808
12619524
12626611
12622653
12621116
12617261
12627385
12627880
12627940
12626563
12619118
12627163
12625853
12618784
12620429
12620456
12618759
12625089
12626484
12619099
12620045
12628231
12624833
12620843
12619510
12624593
12625439
12623370
12623325
12618646
12622924
12627640
12617461
12627118
12617749
12619273
12617814
12626757
12620203
12625009
12627272
12624794
12622200
12625962
12627875
12621549
12618065
12625141
12627058
12620658
12620516
12622831
12621321
12618664
12624368
12623050
12619467
12625839
12617714
12628337
12626779
12620798
12619245
12617370
12622737
12623207
12626193
12619674
12619629
12617437
12621301
12627076
12621402
12620148
12618890
12620191
12624113
12618261
12621891
12620235
12617853
12625715
12622721
12619612
12618369
12621717
12628461
12620700
12628031
12622629
12628434
12626022
12626606
12627918
12626820
12627791
12625401
12626291
12628399
12628191
12626903
12617164
12622132
12621176
12626124
12624630
12618396
12618534
12618569
12621576
12619996
12620340
12623388
12627446
12627998
12618092
12622306
12623103
12626549
12619060
12625889
12620961
12627584
12628104
12626179
12626106
12621207
12623451
12621996
12625370
12624545
12627366
12618552
12628496
12623661
12623964
12621586
12620374
12622829
12624730
12618947
12623796
12619838
12622796
12624865
12628126
12621649
12618434
12624428
12627311
12627344
12617098
12622459
12619177
12623034
12617539
12622974
12625225
12626379
12617146
12617770
12621651
12626226
12624079
12624716
12618969
12618133
12624843
12620715
12618412
12617914
12623851
12623282
12617223
12624351
12621934
12622952
12620337
12622060
12618583
12618180
12622523
12619903
12626058
12619292
12622843
12627253
12627772
12626554
12626979
12623231
12623877
12625162
12624347
12620537
12621441
12618687
12621385
12626313
12619444
12623075
12618812
12619316
12624974
12618747
12624921
12620911
12620030
12622758
12619786
12628281
12617615
12628276
12626986
12622676
12627097
12627961
12621461
12624402
12625596
12625825
12625870
12626796
12620980
12621569
12623487
12625770
12623244
12618999
12619635
12628210
12623913
12617739
12620722
12624521
12619571
12628442
12623306
12623849
12617442
12622380
12617413
12617857
12627137
12621858
12625783
12625028
12627856
12626404
12618375
12618320
12623719
12621251
12620166
12625461
12627039
12622635
12624513
12627755
12618082
12619428
12622335
12623193
12619183
12619740
12623472
12619897
12627561
12619860
12621484
12622229
12617875
12623558
12626422
12619309
12622460
12619141
12625306
12627002
12624568
12628428
12624046
12618575
12625661
12624462
12626579
12618215
12618240
12619215
12621045
12627547
12623665
12628190
12622700
12619354
12623505
12627361
12618119
12628159
12622697
12628050
12619176
12628005
12621077
12619955
12626557
12621598
12626207
12617107
12621758
12617795
12625262
12620260
12621151
12618480
12626147
12621308
12623513
12619692
12624617
12621957
12619149
12627470
12623958
12617890
12622860
12617858
12622365
12627711
12628219
12628167
12620709
12623818
12625393
12621458
12626330
12621555
12620694
12623680
12621698
12624991
12617496
12618012
12625091
12619017
12623134
12624063
12626617
12623775
12622172
12622651
12620257
12627882
12623898
12617267
12627942
12627161
12625557
12627664
12620454
12620734
12618786
12621506
12618022
12626482
12623169
12625070
12628237
12625942
12624835
12624591
12620976
12620845
12625437
12620549
12623327
12617561
12617398
12618640
12617463
12627639
12627646
12619271
12626722
12627270
12625964
12627877
12624024
12626679
12627056
12625147
12620563
12623318
12623056
12620170
12619465
12626865
12622572
12628335
12628342
12618731
12624900
12619243
12617372
12622739
12623258
12628259
12623205
12627848
12617594
12622485
12627070
12620854
12623683
12617721
12626079
12619335
12621400
12620243
12617409
12625684
12617851
12624111
12621893
12622589
12625811
12619238
12625713
12627528
12620475
12623263
12619339
12619552
12617039
12623703
12622214
12628436
12628099
12626024
12628033
12617922
12627916
12626822
12618209
12619709
12617694
12627197
12626901
12625189
12626126
12621289
12618394
12618341
12624636
12623098
12621616
12628019
12618532
12623386
12618094
12620019
12619994
12620346
12625626
12622300
12618289
12617144
12617191
12627586
12619801
12628106
12626104
12621209
12625372
12628494
12623663
12621083
12618080
12621584
12626616
12626279
12624180
12624040
12618945
12618932
12622271
12624898
12624229
12618432
12620208
12622794
12624863
12622153
12627342
12622122
12627313
12624658
12622972
12622989
12617870
12623036
12617537
12621179
12619401
12617825
12617772
12625576
12620309
12626253
12626224
12624718
12620028
12624212
12620884
12624818
12618131
12618449
12621376
12623280
12624353
12623857
12622909
12623115
12617769
12622062
12624175
12622841
12619294
12622284
12618767
12627770
12627725
12627255
12625909
12626654
12626609
12617931
12621387
12624345
12624126
12626311
12626882
12623077
12618814
12624418
12619446
12625518
12618197
12624976
12618741
12623157
12620295
12619784
12620325
12617613
12628274
12628229
12626632
12626689
12617280
12624398
12620954
12622195
12621463
12627607
12626879
12621803
12625598
12625827
12620982
12626794
12623489
12625772
12625011
12624695
12623720
12617089
12624527
12619573
12626812
12621507
12619601
12623351
12626049
12623304
12618623
12623223
12622382
12617415
12617440
12627139
12618859
12620365
12619654
12625758
12625785
12626402
12624098
12620070
12618377
12617132
12625463
12621637
12622637
12625645
12625698
12619185
12628365
12623191
12622597
12619746
12618465
12618195
12624272
12627567
12620739
12622227
12625300
12622462
12620666
12627004
12621608
12621326
12619147
12618031
12625618
12617246
12624460
12626577
12618242
12618213
12619848
12619217
12624246
12623294
12621168
12622702
12623507
12620255
12619356
12621354
12624677
12627815
12620360
12628400
12619170
12628007
12622695
12620548
12619649
12627939
12627481
12619953
12626807
12626855
12619038
12625891
12626920
12622197
12620262
12621153
12618486
12624611
12623511
12620142
12619438
12621213
12621951
12618239
12623679
12617892
12627472
12624724
12622363
12623430
12622862
12619003
12627713
12619822
12628165
12627309
12625391
12620696
12626332
12625537
12618879
12623930
12618014
12625093
12624997
12617498
12623424
12621553
12618915
12624061
12627739
12624764
12617672
12619528
12626967
12618176
12622657
12622170
12617265
12617938
12627884
12617558
12622436
12627194
12622537
12618788
12621393
12619288
12620328
12625085
12626480
12620049
12628235
12620761
12625940
12624837
12624797
12620847
12618468
12625435
12625118
12619382
12623321
12617563
12622928
12623009
12624404
12627644
12627149
12619277
12626720
12618708
12624939
12625058
12617352
12624117
12617329
12625966
12627871
12621876
12625413
12627054
12625132
12620561
12618668
12621479
12626867
12620172
12628340
12621848
12617718
12624902
12620794
12619241
12618733
12623493
12623203
12621130
12619670
12619625
12617596
12627072
12627900
12626000
12625686
12627123
12618894
12625813
12624445
12625744
12620239
12625711
12623568
12623701
12619550
12623626
12626026
12627914
12617421
12626824
12619707
12626907
12617692
12620093
12620703
12618343
12626120
12621230
12624634
12625998
12621751
12620639
12618530
12621614
12618565
12620860
12620335
12620344
12623384
12620391
12625624
12618096
12622302
12619761
12617193
12627580
12619803
12628503
12618158
12628100
12617961
12620403
12620857
12625321
12625374
12624549
12628492
12626091
12623917
12619393
12621582
12620370
12626518
12621081
12624182
12624743
12626447
12618930
12624734
12618115
12624861
12622273
12620114
12618430
12619022
12627315
12624308
12627340
12617944
12622987
12623030
12621900
12622970
12628071
12619403
12623141
12622514
12625574
12622039
12626251
12625216
12619155
12624214
12620886
12619361
12623855
12623530
12624355
12622408
12619423
12622064
12618587
12623979
12619907
12624956
12619296
12618765
12622847
12622286
12627727
12627257
12619534
12623904
12623765
12626652
12625483
12625166
12622649
12618018
12620214
12624691
12620584
12621389
12620106
12626880
12617933
12617844
12618816
12624148
12621143
12624970
12618743
12618042
12617319
12619083
12619782
12617611
12628272
12622672
12622111
12617984
12617282
12627746
12619145
12627605
12621801
12624650
12626792
12626769
12620289
12625013
12624112
12622453
12618995
12624016
12623722
12624525
12619575
12621722
12623302
12618237
12618674
12623601
12620526
12618621
12622889
12617417
12628309
12626707
12622745
12625787
12627852
12620072
12626400
12620863
12625465
12621631
12617269
12625647
12619187
12619744
12628367
12617884
12628389
12622591
12619893
12624270
12627565
12620209
12627512
12622225
12619606
12623277
12625302
12627006
12625063
12628027
12621421
12625665
12624466
12626575
12621551
12626858
12618211
12627787
12618244
12619219
12626919
12625730
12622704
12619358
12624628
12624675
12619106
12619493
12628402
12622693
12619172
12628001
12617781
12627452
12619951
12627429
12627483
12626553
12619058
12617103
12625237
12620264
12620803
12618484
12626143
12621664
12621211
12624613
12621953
12624553
12622009
12627474
12623954
12623909
12622864
12623432
12618023
12619005
12624708
12618979
12625208
12623782
12619820
12628163
12620903
12623288
12625397
12626334
12620698
12625568
12623932
12625535
12623989
12624995
12620311
12619569
12618016
12625095
12626216
12619013
12624766
12623130
12618917
12620012
12625288
12620758
12623779
12618174
12618451
12622655
12627886
12623894
12622911
12625553
12627660
12620458
12625083
12620644
12627229
12618589
12617165
12625946
12620605
12624839
12620763
12623805
12618124
12619380
12625433
12623323
12620598
12617565
12618691
12620276
12624406
12619434
12617747
12619275
12626726
12622760
12621579
12627751
12617350
12627274
12625968
12627873
12625130
12622203
12620567
12621548
12618794
12620518
12621477
12620174
12619469
12626861
12625582
12622576
12625848
12628346
12625833
12618735
12624904
12624293
12617815
12623491
12625768
12623254
12619627
12623201
12620149
12617630
12617590
12620656
12626006
12623349
12622043
12627902
12620747
12627121
12624115
12618232
12625815
12627145
12625746
12620116
12624787
12618318
12619618
12618363
12619556
12623707
12620621
12626028
12622623
12618600
12618809
12626977
12619758
12623189
12619705
12628328
12617690
12625406
12626905
12621577
12626188
12626122
12620091
12626461
12618398
12622131
12617068
12621232
12621104
12624570
12621612
12618567
12623382
12620393
12618098
12627419
12625622
12627447
12619763
12623109
12618285
12618258
12617148
12617195
12627535
12619203
12627582
12619805
12628102
12622718
12626108
12617388
12619324
12622993
12627829
12625376
12617501
12628048
12628490
12623450
12618558
12626093
12627817
12623915
12627499
12621087
12621580
12626275
12624184
12624741
12618936
12622275
12628128
12619598
12620218
12617709
12622798
12625194
12627317
12623085
12622457
12623032
12617533
12628073
12619989
12622040
12617888
12626525
12620286
12626228
12625241
12625214
12627707
12620713
12620880
12618135
12624849
12623532
12619578
12624357
12619363
12622958
12621967
12617917
12626455
12626348
12618585
12622529
12622066
12624171
12619909
12617482
12622845
12624954
12622340
12622280
12618763
12627721
12620241
12618958
12623767
12617668
12626650
12619536
12626973
12626801
12625481
12620586
12623230
12624693
12620773
12626315
12626362
12626886
12618818
12620119
12621446
12620444
12618040
12624972
12618718
12619311
12620104
12624000
12619780
12628270
12628225
12626988
12618472
12624823
12622113
12617982
12622932
12618658
12627603
12627102
12621807
12626790
12625015
12624014
12620408
12621793
12625914
12623724
12622117
12619577
12620811
12623910
12623607
12620524
12623300
12618676
12619457
12628307
12617722
12624289
12618083
12622747
12625789
12622334
12619672
12627850
12621343
12627088
12625467
12619340
12620678
12621633
12621418
12625641
12627756
12619189
12628361
12623195
12621765
12621869
12622593
12619220
12618191
12627510
12619891
12624276
12625709
12626428
12623275
12622223
12619651
12619604
12623220
12621485
12620151
12617094
12628422
12628459
12627008
12628025
12626054
12621423
12624737
12626588
12627785
12624464
12626573
12618246
12621742
12626991
12624242
12625732
12621164
12622706
12628404
12628003
12619491
12622691
12619973
12627982
12622318
12626508
12623469
12617154
12617101
12625231
12620266
12620568
12626442
12624338
12621217
12618511
12618544
12627476
12623952
12623434
12622866
12621099
12619007
12627290
12618977
12619826
12623780
12628161
12625340
12618898
12627808
12625395
12626381
12626336
12624449
12625533
12621669
12617869
12620313
12625097
12626214
12619036
12623420
12618911
12620010
12619011
12624760
12624800
12621843
12618453
12618172
12623298
12623892
12619379
12623869
12617216
12622913
12622432
12625411
12627190
12622533
12619913
12625081
12627768
12625933
12623807
12625114
12619386
12624689
12620547
12617567
12618697
12623005
12624152
12627648
12627923
12617741
12626724
12617356
12622766
12627201
12626626
12617609
12625149
12627050
12625136
12620565
12627959
12624360
12626863
12623058
12617044
12620176
12628344
12625580
12625831
12622574
12621819
12620996
12620430
12624295
12618737
12623497
12628206
12620242
12623256
12617632
12617592
12623758
12624535
12626073
12627904
12620855
12626004
12623619
12622396
12622094
12620741
12621046
12617403
12627127
12621822
12621899
12625036
12623269
12624080
12617972
12624785
12618361
12620476
12623705
12620623
12619554
12621149
12628093
12622621
12623622
12623361
12622215
12627910
12617923
12621532
12627799
12628391
12627559
12620097
12626463
12618347
12627831
12621234
12627621
12624572
12623426
12621610
12618561
12620348
12623380
12620395
12625620
12625675
12623459
12619068
12620188
12618287
12619201
12619807
12628507
12623575
12619326
12620788
12627827
12626965
12617507
12622995
12617153
12626095
12617880
12627497
12621085
12618270
12624186
12626277
12624747
12623647
12618111
12621145
12622277
12620733
12621753
12621541
12619684
12624607
12622983
12617531
12623087
12628075
12622123
12622510
12617871
12619930
12626280
12622379
12626255
12625212
12627705
12625243
12620051
12627377
12624218
12620882
12626160
12619365
12623534
12624359
12622068
12624492
12618834
12622342
12620468
12618761
12617480
12618796
12622282
12624729
12627723
12617666
12619530
12626971
12623761
12628140
12625487
12622148
12617257
12622645
12618581
12626360
12626884
12625547
12620330
12618039
12624929
12618046
12619087
12620037
12619030
12628227
12625978
12624821
12626638
12620835
12618470
12617231
12622115
12617980
12623848
12617787
12618656
12627969
12627654
12627104
12627601
12626738
12625878
12626765
12619265
12620988
12625017
12621561
12627246
12618991
12624012
12620817
12623726
12624696
12625177
12620868
12619307
12623853
12626813
12623605
12620522
12623064
12622388
12619455
12623224
12628358
12622548
12628305
12622741
12621008
12617304
12618328
12628298
12626692
12619115
12625469
12621193
12627031
12617503
12617131
12624383
12626038
12625692
12625643
12628363
12624274
12619222
12620922
12627516
12622221
12619602
12623550
12619653
12622468
12617096
12620414
12626056
12628023
12620661
12621357
12625669
12622894
12620141
12620361
12626854
12618030
12627783
12617249
12617178
12626915
12628198
12625734
12621166
12626138
12623525
12624624
12618386
12624671
12622896
12619039
12619497
12628406
12628058
12620354
12623408
12627456
12622316
12626809
12619777
12625233
12617156
12619879
12626856
12627578
12621159
12628118
12626440
12621215
12621262
12626987
12618542
12620143
12624557
12618513
12621671
12619342
12627478
12623950
12623673
12623436
12619009
12618928
12624704
12627292
12618975
12623786
12619824
12620630
12628136
12627378
12625342
12627303
12626383
12620269
12625564
12623688
12625531
12620315
12625099
12624762
12625259
12618913
12620016
12628368
12625284
12617701
12618170
12624802
12618125
12618455
12617932
12619699
12623528
12621105
12623890
12627325
12621928
12622430
12622915
12619132
12622357
12621315
12622531
12622014
12619911
12619282
12621390
12627225
12624109
12625931
12620767
12624599
12623801
12625116
12625499
12619384
12624796
12617569
12618695
12621913
12624687
12618228
12623007
12618866
12624150
12619122
12617743
12618007
12620161
12619279
12624988
12617323
12622764
12619140
12627207
12627278
12626671
12626624
12622666
12621875
12624362
12621473
12620178
12625586
12627178
12625837
12618739
12620994
12624908
12625069
12624297
12623495
12625764
12623170
12623250
12628251
12619623
12628204
12617634
12627078
12624537
12626071
12622713
12627906
12617882
12621408
12622394
12627125
12627620
12621729
12625043
12621041
12624783
12624082
12618367
12620625
12625473
12623363
12622627
12618604
12619191
12619754
12628393
12619052
12627557
12627833
12620095
12626465
12617994
12618349
12625996
12621236
12621659
12627012
12620633
12620167
12618563
12618159
12625677
12620643
12618887
12624456
12618281
12627531
12619207
12617929
12623577
12617384
12619320
12627825
12617505
12617962
12626446
12620402
12622689
12626097
12627495
12626837
12626271
12618272
12624188
12624745
12626936
12623140
12617119
12622279
12624890
12624221
12618113
12625190
12626159
12619682
12624605
12620022
12624302
12623081
12621945
12622981
12619021
12618509
12628077
12619409
12622033
12621451
12621755
12622044
12619932
12627404
12626529
12626282
12622814
12617650
12625210
12627703
12619422
12620249
12618139
12628179
12626162
12623536
12619367
12618821
12625385
12626399
12626344
12624490
12623926
12618841
12620135
12620466
12617486
12622849
12624950
12622344
12623128
12627778
12619585
12623763
12617664
12619532
12626601
12617208
12622647
12625485
12623907
12627892
12617255
12620730
12626319
12626366
12625545
12627678
12625510
12620336
12618044
12618749
12623401
12624004
12619032
12617991
12628221
12625976
12618476
12624827
12624651
12620837
12617288
12623594
12617233
12622678
12622936
12618654
12621305
12627106
12617759
12626763
12619267
12626245
12622778
12617368
12627244
12624010
12618993
12624443
12620815
12625450
12625175
12620520
12620575
12621721
12619453
12618236
12617448
12623062
12624131
12628303
12622546
12618723
12617306
12622743
12626690
12622188
12621195
12624381
12626036
12626590
12625690
12624127
12619224
12620296
12627514
12617883
12623271
12619655
12619600
12623556
12617090
12619566
12628426
12628021
12626050
12622320
12621427
12626584
12627781
12624468
12621746
12626917
12625736
12621060
12626136
12624626
12628408
12619495
12624508
12619107
12627931
12620356
12617123
12627986
12622314
12619775
12626559
12619720
12617150
12626928
12628116
12620677
12628513
12626110
12624619
12621260
12625362
12625319
12617850
12621665
12621984
12628488
12624555
12618515
12621673
12618540
12622835
12623671
12625601
12620163
12623438
12621095
12618973
12624702
12619851
12618024
12628130
12623784
12618109
12627301
12622449
12625399
12623537
12619169
12625566
12623938
12620317
12621538
12626210
12626533
12617763
12624069
12625286
12624202
12618127
12618457
12623838
12622178
12624325
12627327
12623865
12617550
12619134
12618806
12619917
12622877
12619280
12624144
12626488
12627227
12621792
12625937
12620769
12618588
12617166
12621138
12620604
12623803
12625110
12620592
12621447
12624685
12620543
12623697
12626327
12617731
12623001
12620123
12619120
12618860
12623992
12623586
12618700
12618005
12624931
12619798
12623149
12627757
12622837
12626990
12626673
12621174
12622664
12627390
12622202
12624364
12621471
12618795
12627619
12625584
12625835
12625842
12620992
12620434
12625762
12623172
12625799
12628202
12623252
12625959
12617636
12628253
12619505
12623754
12624531
12627632
12626077
12623338
12627908
12623615
12622392
12627150
12617407
12626717
12625041
12625719
12624084
12627868
12624781
12626600
12618312
12623709
12620627
12619558
12628097
12625471
12622625
12621757
12623365
12618606
12621715
12625657
12623187
12619197
12622569
12619756
12628377
12628395
12627508
12619258
12627555
12618187
12626467
12623238
12626182
12627835
12621283
12620055
12625990
12627010
12622130
12624576
12626019
12620399
12621312
12619769
12624454
12618252
12618885
12620184
12618283
12619205
12627588
12622240
12627816
12623571
12617386
12619661
12627823
12620058
12617059
12625329
12622999
12628474
12626099
12626510
12626835
12618274
12626934
12624223
12621141
12618496
12624300
12627348
12624603
12623038
12621943
12628079
12619159
12622031
12620061
12627406
12617879
12626284
12622816
12619075
12626259
12623444
12621771
12627701
12625247
12620285
12619816
12620152
12620719
12621938
12620686
12626346
12618847
12617916
12624496
12623971
12623924
12620369
12621524
12622834
12617484
12618060
12623126
12618907
12617662
12626603
12618429
12624878
12622641
12619310
12622969
12626800
12626364
12620032
12627676
12623541
12625543
12624978
12620442
12623403
12624006
12619034
12628223
12625974
12617619
12625929
12618403
12624852
12618474
12622119
12622943
12620559
12618652
12617571
12622934
12627650
12622550
12626734
12617757
12626761
12619261
12621565
12617366
12627242
12625912
12618150
12626669
12625173
12620648
12625452
12620577
12624378
12623911
12618629
12626899
12623060
12624133
12628354
12622544
12628301
12624912
12617048
12618721
12624283
12617300
12619096
12628249
12617953
12626696
12621342
12621197
12627035
12624387
12626069
12627974
12625696
12619341
12620795
12625865
12619346
12622599
12624278
12619226
12620926
12625006
12623554
12619657
12623737
12617092
12619564
12628453
12626622
12620150
12628089
12623636
12626052
12621429
12622890
12620145
12621733
12626582
12621748
12618219
12617174
12621062
12626911
12625738
12626419
12621162
12618335
12626134
12620085
12618382
12628124
12621244
12621628
12628009
12620350
12625638
12627933
12622312
12619972
12619722
12619773
12618299
12625020
12617152
12619875
12628511
12626433
12628114
12626444
12621219
12621266
12625360
12617515
12620610
12618517
12626083
12623901
12625603
12621097
12622369
12624192
12618924
12624755
12619857
12618971
12628185
12620165
12628132
12618107
12625346
12622447
12626387
12628063
12625560
12622076
12626247
12619153
12625886
12625280
12620750
12624200
12624806
12618121
12623863
12621840
12624327
12627329
12617552
12621815
12619136
12621657
12618804
12622010
12620232
12627221
12625273
12625935
12627922
12617918
12625112
12625495
12619388
12621490
12626521
12620590
12622234
12621038
12621917
12624683
12626325
12623003
12618862
12620121
12623990
12618003
12618702
12623419
12627759
12619028
12620057
12626675
12626620
12622662
12625138
12617998
12620105
12617227
12627392
12627953
12624366
12626869
12627174
12625840
12620436
12619045
12620990
12625065
12623499
12625760
12623174
12628255
12628200
12618987
12623756
12620717
12624533
12619507
12624584
12623341
12626075
12618688
12622390
12617405
12620852
12625892
12627624
12621697
12626715
12621828
12626740
12625047
12617349
12622205
12624031
12618310
12624086
12621533
12617971
12620629
12628095
12625477
12620501
12623367
12623628
12618608
12619195
12623343
12619750
12617497
12623181
12617703
12628320
12624264
12623427
12627553
12618185
12623548
12626180
12627837
12620099
12621285
12617060
12625992
12617589
12622490
12627016
12619014
12628418
12627622
12625673
12621433
12618883
12620186
12624452
12618250
12621734
12617835
12624498
12623210
12622710
12619663
12623573
12617380
12627821
12617509
12628476
12626966
12628498
12619485
12618849
12621606
12627929
12627491
12627466
12621588
12620206
12618276
12626932
12620210
12623644
12621227
12624601
12624306
12621941
12621540
12622037
12619981
12622124
12619936
12623110
12626286
12619077
12617654
12621773
12617681
12627374
12617809
12625381
12618523
12620684
12626340
12624494
12621370
12623690
12618845
12623973
12620462
12620499
12618365
12618790
12621526
12622348
12624776
12623124
12619648
12618905
12618680
12627729
12618950
12619581
12624436
12622781
12628146
12617204
12622643
12622142
12617251
12622428
12622059
12625541
12627674
12621837
12625514
12618048
12620419
12620635
12626231
12623405
12624008
12619788
12620224
12625972
12620899
12624311
12620833
12619394
12623590
12623817
12620327
12622413
12620557
12618650
12617577
12623019
12622256
12624168
12627652
12622552
12617755
12622774
12621567
12622299
12617364
12621505
12627240
12627215
12620207
12625124
12620819
12625454
12625171
12624697
12623308
12620571
12619304
12619101
12626814
12624135
12628356
12617429
12626709
12625809
12622542
12624910
12620906
12618727
12617394
12622219
12619094
12628234
12628296
12627858
12626694
12626641
12621199
12627037
12627080
12627976
12624385
12626032
12621410
12626594
12617130
12625694
12627117
12624123
12621861
12625867
12626789
12628318
12620292
12618199
12625004
12620229
12620660
12625701
12624799
12618359
12623735
12619562
12617248
12628451
12622619
12623634
12620415
12617455
12622324
12621359
12626852
12618129
12620147
12617172
12617189
12620362
12626913
12618037
12621064
12623409
12626132
12620087
12618337
12621246
12624622
12623296
12624504
12622321
12622699
12627935
12620352
12622310
12619771
12623461
12619056
12619319
12617109
12619877
12627527
12628112
12619439
12626431
12626857
12626149
12622473
12621264
12617517
12624559
12621677
12626081
12626984
12623675
12625605
12624405
12621091
12624190
12626267
12618926
12619855
12628187
12618105
12628169
12622267
12620631
12625348
12627305
12624648
12627372
12617805
12628061
12618851
12622074
12621661
12622029
12627997
12617945
12626241
12618161
12625228
12624768
12622356
12620273
12621120
12618123
12620752
12623290
12624321
12619371
12623861
12617554
12619348
12619138
12617823
12624488
12622012
12623969
12622873
12621791
12627760
12627289
12627223
12625275
12623799
12626949
12621134
12617976
12624681
12621492
12626323
12624408
12625508
12618229
12623996
12618054
12620306
12618704
12618001
12624935
12617325
12627209
12624074
12617601
12626677
12620829
12618446
12617225
12622660
12617270
12627394
12620059
12621874
12627176
12625588
12622050
12621811
12620438
12621519
12626495
12622712
12625067
12617898
12618985
12628257
12619501
12624586
12623750
12620672
12625428
12620538
12618631
12617470
12627626
12627181
12621453
12626742
12626713
12625748
12622755
12625045
12624033
12624018
12625475
12625402
12620503
12623369
12623041
12621369
12625653
12623183
12617705
12628322
12619752
12628373
12625828
12627504
12620965
12619254
12627551
12619638
12626186
12620866
12627839
12621287
12627063
12621685
12617062
12627014
12628416
12620253
12621618
12621431
12625628
12624450
12618256
12621880
12618881
12620180
12619209
12625722
12622716
12617856
12617382
12623212
12619665
12623603
12618378
12628470
12628042
12622638
12617963
12626445
12627464
12627439
12626831
12626930
12621450
12624317
12623411
12626476
12624304
12621225
12624567
12618578
12620021
12618503
12623399
12619020
12622035
12627402
12619983
12620481
12626288
12622812
12622371
12623116
12621775
12617683
12617128
12619812
12620134
12626168
12625383
12621969
12626342
12617207
12623975
12623692
12620497
12621520
12622838
12620460
12626208
12617488
12623122
12624053
12617161
12624774
12618952
12620216
12618143
12619538
12619583
12623769
12618425
12622783
12628148
12622140
12627355
12617908
12617206
12627894
12622965
12620823
12623906
12621079
12617990
12619412
12627672
12627689
12625516
12617761
12621640
12620338
12626233
12623159
12627239
12625970
12625925
12618407
12624829
12624856
12618478
12623825
12623815
12625108
12617988
12619396
12623840
12622415
12624652
12617575
12622403
12619680
12619426
12623017
12622554
12627609
12620139
12626730
12627212
12617753
12618778
12622776
12627741
12617362
12621764
12621825
12626968
12625126
12624442
12625456
12620573
12618678
12624137
12619103
12628350
12621720
12620251
12625807
12622540
12618231
12624916
12618725
12618752
12622749
12624287
12619092
12617622
12626643
12628290
12627082
12619114
12622601
12622189
12626030
12626065
12621412
12626596
12625861
12621863
12625745
12625703
12625002
12624029
12618357
12623733
12620871
12619560
12628457
12622617
12628085
12623632
12618612
12621397
12620389
12617947
12617187
12617170
12628212
12621066
12626415
12618331
12626130
12620081
12625988
12621240
12624506
12627937
12623467
12621187
12617656
12618295
12619237
12619871
12627525
12628515
12627570
12626437
12628110
12622238
12619336
12626448
12620674
12625313
12622471
12627740
12625364
12617511
12628439
12620614
12621679
12626087
12626605
12620953
12625607
12621093
12620427
12624196
12626265
12621007
12626568
12618920
12624751
12619882
12628181
12625186
12618103
12624318
12627802
12622443
12619163
12620705
12619999
12622072
12627995
12619944
12626535
12626810
12625251
12625882
12626951
12620754
12624204
12618178
12621122
12624413
12623292
12624323
12619377
12621920
12622438
12617556
12620015
12622539
12618855
12619919
12619966
12622352
12618078
12617821
12625277
12627762
12626947
12620274
12623809
12622109
12625491
12621494
12620594
12626374
12621449
12617379
12621689
12623696
12624158
12623994
12623941
12624937
12618056
12624980
12618706
12624076
12617603
12624817
12618444
12622346
12620827
12623889
12617272
12617952
12627396
12627957
12622904
12625520
12625844
12617937
12625061
12626497
12623178
12625906
12618983
12617831
12620670
12619503
12624580
12625169
12623613
12623332
12618633
12627147
12623078
12627183
12617476
12627628
12626711
12621049
12622753
12627261
12624035
12618088
12618314
12627862
12625152
12626975
12620505
12621769
12624395
12625404
12623043
12621367
12619199
12619474
12628371
12621879
12628324
12628144
12624260
12619256
12618181
12627506
12623544
12626184
12623249
12619317
12617064
12622494
12628449
12626046
12621437
12617418
12626848
12618223
12620182
12624100
12618254
12621886
12627539
12625720
12622714
12624097
12619667
12627363
12628472
12622184
12619481
12622681
12627462
12619048
12626516
12623479
12628386
12617111
12626474
12625198
12626151
12621223
12625358
12623089
12620652
12624565
12618501
12619985
12620483
12623649
12622373
12619710
12623442
12619073
12617658
12625218
12617685
12627593
12619810
12619845
12628171
12620284
12625336
12626391
12618527
12620688
12627691
12617798
12623977
12618466
12621595
12620495
12626105
12621522
12624772
12623120
12618901
12624723
12625298
12618954
12623540
12622785
12620728
12618427
12617200
12622146
12627357
12617906
12623023
12622967
12619410
12619313
12627687
12626551
12621642
12619927
12620448
12620033
12617050
12620039
12627237
12625927
12624854
12624881
12625106
12619390
12623842
12623813
12621901
12622945
12623015
12618876
12618151
12619424
12625235
12617751
12624949
12626732
12622850
12622770
12617360
12617335
12627211
12626618
12626663
12625120
12622128
12624372
12620528
12626300
12619105
12617951
12624139
12625858
12628352
12624963
12617638
12618750
12624914
12624285
12617732
12622411
12628238
12617620
12628243
12626698
12626645
12620848
12619519
12622603
12627084
12617291
12627972
12624389
12621414
12626598
12627113
12621865
12625863
12626785
12626758
12620928
12625000
12625055
12625705
12623279
12617467
12618308
12621290
12628265
12624043
12620657
12628455
12623315
12618829
12622615
12623630
12626993
12620387
12618610
12620157
12617451
12622328
12627789
12628338
12621011
12617185
12617941
12621068
12626198
12620052
12627845
12620083
12626417
12620801
12618333
12625986
12621242
12622488
12621293
12617838
12625753
12627026
12624899
12624500
12621622
12625689
12617827
12623465
12618268
12623956
12617158
12618293
12619235
12627572
12619873
12627523
12622728
12623565
12626435
12619343
12619334
12622477
12621268
12617045
12625311
12628480
12620616
12618548
12628038
12621002
12621333
12624471
12626298
12626829
12618206
12624194
12626263
12624753
12619884
12618922
12628138
12628183
12618101
12625184
12621001
12628313
12627804
12622441
12623093
12619161
12628012
12622070
12622025
12617136
12626540
12626218
12617644
12625880
12626953
12625257
12621124
12620756
12626172
12620233
12623830
12619375
12624662
12621922
12621841
12626358
12624484
12618857
12623668
12618076
12622350
12622235
12627764
12624739
12618948
12625279
12628152
12626945
12619597
12622107
12625493
12627437
12621496
12625761
12626376
12626522
12621037
12618868
12624982
12620302
12619790
12623413
12620023
12626998
12617605
12624815
12622161
12620825
12618442
12623588
12617221
12617274
12627398
12627955
12622902
12617637
12625522
12627611
12619299
12621778
12621515
12625791
12627258
12625951
12620853
12625904
12622096
12624582
12624539
12625424
12620240
12618635
12617474
12627158
12627185
12622088
12626746
12623686
12617316
12622751
12625049
12627263
12627860
12624789
12626684
12627045
12623584
12625479
12625154
12620904
12617970
12620507
12620470
12623045
12621365
12621468
12619476
12626872
12622561
12628326
12624427
12621709
12620934
12627500
12624262
12619250
12623136
12623831
12623546
12619647
12617583
12617084
12627067
12627018
12628412
12626011
12626044
12622886
12621435
12617124
12626846
12624102
12621884
12618221
12619681
12625726
12623579
12623216
12619669
12618580
12619541
12623710
12622683
12628046
12622182
12623651
12626615
12627460
12627435
12628384
12617113
12620205
12619869
12622125
12626153
12626472
12621221
12625356
12624563
12623397
12621605
12618507
12623395
12621547
12619987
12620485
12625613
12622375
12619712
12617687
12619847
12621371
12628173
12627818
12618017
12625330
12627693
12617957
12626397
12618529
12621703
12620063
12620493
12621597
12624057
12624770
12625296
12618956
12621836
12624236
12618421
12622787
12624870
12622144
12627351
12617904
12617202
12627666
12627898
12624337
12622961
12623021
12617524
12619416
12627685
12621644
12619925
12622869
12626237
12627235
12627718
12622257
12624883
12625921
12620893
12620959
12623811
12625104
12622196
12619392
12623844
12622419
12620551
12620290
12621907
12626339
12627658
12618592
12623013
12622558
12625140
12618874
12624162
12621017
12617867
12621059
12619269
12622293
12618774
12617337
12622772
12627213
12627732
12626661
12622658
12625122
12623226
12617268
12624370
12623068
12624342
12619459
12625803
12619305
12624961
12618729
12618756
12623162
12625079
12617308
12617626
12628241
12626647
12623748
12627086
12619517
12617297
12622605
12623379
12626061
12617468
12621416
12627144
12617435
12619054
12627111
12619179
12621867
12625057
12625707
12621051
12621003
12628267
12618353
12620663
12617819
12620875
12625447
12628081
12618036
12623317
12618616
12620385
12620966
12617453
12622898
12620412
12617713
12617183
12617927
12626411
12620363
12627847
12621291
12625984
12627024
12624502
12621620
12620358
12625630
12622326
12624448
12618693
12622580
12620198
12618291
12618266
12619233
12627521
12620940
12627574
12617396
12622726
12619332
12623563
12624156
12625317
12622475
12619128
12626850
12628482
12624055
12621335
12626633
12626261
12624473
12626296
12618200
12626908
12619886
12624255
12618850
12625182
12622269
12624314
12627806
12624639
12623091
12628010
12621030
12622027
12627416
12619940
12622806
12626539
12626546
12619067
12625255
12617646
12625222
12626955
12624208
12628508
12621126
12622355
12626170
12624664
12623832
12625379
12621924
12626356
12624486
12623918
12622018
12623963
12622820
12618074
12621798
12624049
12619831
12626943
12619595
12628150
12622158
12622105
12621498
12626370
12620158
12619142
12625502
12621658
12621175
12623998
12623945
12621700
12620300
12618052
12620405
12623143
12618960
12624072
12619792
12624711
12617607
12624813
12626628
12618440
12618415
12621646
12623885
12617276
12623858
12617547
12622900
12622955
12625524
12627613
12622524
12618149
12618061
12620998
12621517
12626493
12625902
12628208
12621025
12625953
12620858
12625426
12620589
12623336
12618637
12622102
12622398
12624145
12622086
12618717
12624926
12621018
12620918
12617341
12617314
12627265
12628288
12627866
12626686
12625156
12627047
12624019
12620509
12621347
12624391
12621398
12626870
12623047
12621363
12619478
12624425
12622563
12625877
12620783
12619252
12620936
12625779
12627502
12623480
12623236
12619645
12619632
12617082
12617811
12620225
12617581
12623729
12627065
12620641
12628410
12628445
12626042
12621686
12626013
12623358
12621318
12622336
12620706
12626844
12627130
12618227
12621853
12624104
12625021
12625724
12623218
12620404
12624093
12618327
12623712
12619543
12623600
12622180
12623653
12622685
12627921
12620609
12623198
12619044
12619749
12623475
12628382
12627568
12619867
12626470
12626425
12626155
12624609
12621276
12623410
12625309
12624561
12618505
12621607
12618572
12623645
12620020
12622377
12619027
12619714
12623118
12618249
12617043
12617689
12627597
12619841
12622709
12628197
12628175
12627368
12620137
12625332
12627335
12625389
12626395
12627695
12618142
12623698
12620384
12621591
12620491
12627488
12626507
12620746
12617955
12621701
12624727
12625294
12619589
12624234
12622789
12624872
12618489
12620724
12620217
12618423
12623518
12624335
12619349
12617902
12622420
12617526
12622963
12621958
12619414
12627683
12621140
12622051
12625549
12622004
12623677
12621078
12617993
12622212
12626239
12625205
12622402
12627233
12625923
12624858
12624885
12620891
12625102
12621307
12623598
12621905
12622949
12621972
12618872
12624160
12619420
12618594
12623984
12618823
12624945
12624998
12618776
12622854
12622291
12617331
12627248
12621015
12619523
12626667
12621111
12618230
12625179
12621826
12627382
12620579
12627945
12626304
12626893
12627168
12620108
12625854
12624967
12618754
12624918
12618781
12623160
12625077
12625949
12617837
12628247
12623746
12626649
12620668
12619515
12617240
12625032
12617295
12623377
12626063
12618649
12617433
12617881
12627630
12626781
12621053
12625051
12624023
12618351
12623445
12617854
12620877
12628083
12623311
12618663
12620513
12620383
12618614
12626772
12622730
12624298
12617574
12626194
12627841
12626413
12625982
12621297
12617125
12627022
12626009
12621626
12625632
12620196
12619779
12628312
12618264
12622586
12620942
12619231
12621663
12621304
12622724
12623561
12626439
12623264
12619330
12617049
12625315
12617036
12628466
12620675
12628034
12626089
12617780
12621337
12618026
12624475
12626566
12624198
12627794
12619888
12624257
12625180
12624640
12621239
12628069
12617528
12628016
12622021
12619942
12627414
12619993
12622309
12623456
12626816
12622804
12626249
12617640
12625220
12621128
12626176
12624666
12621926
12624146
12618555
12626354
12624480
12618853
12623961
12617803
12620379
12618072
12621088
12622354
12627281
12623791
12619833
12628156
12626941
12619593
12618439
12622793
12622103
12620275
12622979
12626372
12622607
12617160
12623947
12625500
12620407
12617810
12618009
12626223
12619794
12624713
12623417
12618962
12624844
12618417
12624811
12620821
12621020
12623887
12619368
12622401
12617545
12624147
12621352
12622526
12625526
12627615
12617120
12619373
12621511
12625955
12625900
12618067
12623870
12625420
12620530
12623334
12618682
12624698
12626889
12624411
12619441
12627146
12622084
12624924
12620916
12618715
12617312
12619088
12617343
12627267
12628286
12627864
12626680
12624438
12628145
12625158
12627966
12624393
12626974
12623049
12621361
12621464
12626876
12625591
12627109
12622565
12625875
12624423
12625820
12620930
12625018
12620781
12618169
12623482
12623243
12622136
12619630
12623234
12617587
12617080
12628447
12626015
12623608
12626040
12621572
12622330
12621439
12617817
12617447
12626842
12627132
12624106
12621888
12618889
12621855
12625023
12621696
12626409
12618325
12624091
12621256
12618370
12619545
12623714
12627814
12624518
12628478
12622687
12622630
12623655
12628269
12627431
12623477
12626839
12628380
12617117
12626938
12626427
12626157
12621270
12617077
12622465
12625352
12621601
12618570
12623391
12620653
12620489
12625617
12617762
12619079
12623448
12617863
12619210
12621012
12628195
12627595
12628177
12621713
12619351
12620283
12628057
12627697
12621136
12623928
12627989
12621528
12621593
12626200
12626505
12625898
12627453
12625292
12625269
12626550
12620726
12624232
12620704
12618162
12621154
12623235
12619695
12617900
12623516
12624333
12621488
12622422
12621445
12623025
12617520
12622002
12627681
12619974
12622501
12619312
12619921
12627231
12625207
12627714
12625234
12620897
12620778
12625100
12620772
12621970
12618596
12618825
12619314
12618870
12624166
12623986
12618400
12617491
12622856
12622297
12618770
12617333
12627749
12623770
12626665
12619521
12626612
12621113
12622177
12627380
12627947
12626306
12626895
12627166
12620453
12625856
12618783
12624965
12618028
12623166
12625075
12621684
12626487
12628245
12628232
12622940
12618461
12623744
12624830
12619513
12622609
12623328
12622921
12623375
12618084
12617560
12627978
12617464
12619125
12622883
12627636
12617431
12625869
12626752
12625053
12617359
12621480
12620156
12627878
12624021
12618306
12625961
12619429
12619568
12625443
12624042
12623313
12618224
12618661
12620381
12619462
12623053
12626992
12628332
12628349
12617717
12619248
12622732
12623208
12626196
12618339
12627843
12620089
12622482
12621295
12625980
12617599
12627020
12627075
12620790
12621624
12617839
12621071
12621407
12628314
12621894
12622584
12620194
12618262
12620944
12625716
12617392
12623266
12619698
12622722
12619617
12617034
12617519
12628431
12628464
12628036
12628486
12626021
12619688
12621339
12627820
12622455
12627796
12624477
12626560
12617169
12624251
12623937
12626129
12617535
12618393
12624646
12624118
12628014
12624579
12620836
12618539
12619151
12622023
12627412
12619991
12627443
12618091
12622802
12623106
12626818
12619063
12617143
12617642
12621767
12626959
12620279
12621817
12626451
12622042
12626174
12621655
12624668
12620230
12618477
12621993
12626352
12624542
12618557
12621118
12623967
12618087
12620377
12622879
12627287
12624748
12618942
12618939
12624045
12619835
12622236
12628123
12625797
12623793
12622791
12628154
12622154
12618437
12622101
12627347
12627920
12626329
12622049
12626523
12626221
12623415
12618981
12618964
12619796
12624715
12625248
12620745
12620889
12623539
12621779
12623881
12618155
12622416
12622407
12617252
12625528
12627617
12620107
12622520
12619900
12621513
12622289
12627777
12625488
12624588
12623687
12623872
12622097
12624348
12620532
12620805
12618684
12623070
12620247
12624141
12619443
12617734
12626719
12618713
12618148
12624922
12620914
12617345
12617310
12622209
12627269
12620471
12626983
12628284
12617616
12626682
12627092
12625408
12627043
12617285
12623587
12627964
12621531
12626874
12623822
12628379
12625593
12625822
12622567
12625873
12620985
12626799
12624268
12620280
12625775
12618189
12623484
12628215
12623241
12619636
12617585
12626294
12627069
12624522
12628441
12626017
12622385
12618626
12622332
12621349
12617410
12626840
12627134
12621857
12625025
12618011
12625728
12617959
12626407
12618372
12618323
12623716
12621254
12619547
12624516
12621638
12622632
12623657
12627433
12625648
12619180
12619736
12623471
12621600
12619898
12619229
12619863
12621546
12620204
12626421
12619658
12622467
12621272
12622126
12625305
12620007
12620600
12621603
12618576
12623390
12617934
12623641
12625615
12625662
12619212
12619818
12627542
12628193
12623500
12620062
12619353
12621372
12627812
12627331
12617861
12619498
12628055
12627699
12624316
12627484
12626503
12626202
12625267
12618909
12625290
12624230
12618164
12621156
12620720
12623514
12624331
12619697
12624614
12622424
12621989
12617522
12624430
12619418
12618518
12622055
12622000
12617848
12621074
12622366
12620291
12625201
12627716
12617926
12627299
12621102
12624889
12620895
12621058
12617968
12621909
12621976
12620691
12626388
12620133
12621036
12618598
12623980
12617846
12620318
12624941
12618772
12617975
12622858
12623139
12622295
12624066
12627734
12620202
12627219
12617675
12624343
12619527
12626610
12623776
12618458
12623104
12624809
12621115
12622175
12626544
12617262
12622120
12627386
12622918
12623555
12627941
12626308
12627669
12626897
12627164
12625554
12625850
12620323
12618758
12618785
12625088
12619470
12626485
12623164
12625073
12619098
12628230
12623742
12624832
12620840
12619511
12624594
12617299
12623373
12618645
12622923
12627643
12627634
12621173
12621838
12617748
12626750
12621186
12625008
12622769
12620967
12618300
12625963
12624795
12620413
12623739
12625414
12627059
12621731
12620662
12625441
12618667
12623638
12620517
12618618
12617459
12623051
12621504
12624736
12628330
12617911
12619246
12622734
12620799
12626190
12619677
12622891
12623206
12618692
12622480
12627077
12621300
12621405
12625636
12620192
12628316
12626851
12621896
12618891
12620946
12625714
12622720
12617390
12623260
12624089
12628462
12620128
12622198
12619129
12628030
12624479
12626290
12626821
12627790
12617699
12626902
12624253
12626468
12621171
12624633
12618391
12624312
12618537
12621024
12619968
12620343
12623389
12618093
12627410
12622305
12623100
12626548
12622800
12619061
12619764
12625224
12617141
12626453
12625326
12621206
12618147
12621995
12618089
12621310
12618551
12626350
12624544
12621345
12623965
12623912
12620375
12622358
12621587
12624731
12627285
12618940
12623795
12624866
12628121
12618435
12618118
12622156
12627345
12627310
12622975
12622458
12619404
12623035
12625573
12625504
12622519
12619939
12618058
12619143
12624717
12618966
12624078
12624840
12618413
12618132
12622169
12623852
12617229
12623285
12617996
12617768
12621937
12622953
12617541
12624178
12622522
12622061
12625144
12619291
12619975
12626499
12627250
12627775
12626659
12623874
12622242
12620534
12618686
12621382
12624346
12621324
12623072
12618813
12624143
12619445
12622080
12618032
12624920
12624975
12620912
12618711
12622759
12617347
12628282
12617614
12628279
12626637
12622675
12627090
12617287
12627962
12621787
12621392
12620850
12625595
12625871
12625824
12620987
12626797
12621029
12620791
12620969
12623486
12625777
12623247
12620707
12628217
12618998
12624520
12628443
12623307
12620640
12622387
12621687
12617443
12627136
12621859
12625780
12625027
12626405
12620973
12618321
12627857
12621252
12618374
12619549
12623718
12624514
12625460
12622634
12623659
12623353
12623599
12619743
12623473
12623192
12619042
12619861
12627519
12619896
12623229
12626423
12619308
12619026
12617073
12625307
12621229
12622461
12627001
12617042
12628429
12620774
12618574
12623145
12617054
12625660
12618216
12624463
12619318
12619214
12624249
12627599
12622251
12623502
12619355
12624678
12627810
12625338
12617591
12628053
12620136
12622696
12617796
12627486
12618141
12626802
12626204
12625238
12624778
12626925
12625265
12617106
12618483
12623676
12620261
12618166
12622213
12626146
12619691
12624616
12623512
12621956
12622426
12619148
12619970
12623666
12622057
12622364
12622861
12617992
12625203
12627710
12622957
12628166
12617924
12621974
12625392
12621306
12621459
12620693
12626331
12623935
12621699
12623982
12624992
12624654
12617495
12618013
12624943
12622186
12623429
12620031
12624116
12624064
12619016
12617840
12623774
12619525
12626964
12617977
12622650
12621117
12622173
12627881
12617260
12627384
12618233
12627943
12621827
12618839
12627162
12625556
12627199
12620457
12625852
12620428
12618079
12625086
12620044
12626483
12625938
12621556
12628236
12625943
12624592
12623740
12617877
12620842
12625438
12623324
12622925
12623371
12625031
12620223
12618647
12618198
12617460
12627119
12619270
12620258
12617786
12627271
12627874
12624025
12618302
12625965
12620659
12621821
12625416
12627057
12621040
12623446
12624369
12620515
12620562
12618665
12619466
12623057
12624038
12628336
12626778
12625838
12619244
12617373
12622736
12619628
12623204
12626192
12623259
12624114
12628258
12617595
12627071
12626078
12617126
12626003
12625683
12621010
12624440
12618494
12621890
12618893
12620190
12627529
12620948
12625712
12623262
12619613
12621660
12617865
12618368
12617038
12620951
12619553
12628435
12628098
12628460
12620425
12628032
12626025
12620320
12617930
12626823
12627792
12618027
12618208
12617697
12626900
12627996
12621177
12626125
12618397
12621288
12623099
12618568
12628018
12618535
12621617
12619995
12620341
12623387
12626246
12627999
12618095
12622307
12619766
12623102
12618288
12617138
12627587
12628105
12628500
12626107
12626178
12625371
12621208
12628497
12624546
12623662
12619113
12622828
12621585
12620373
12620956
12621082
12626278
12624041
12619839
12623524
12628127
12623797
12622795
12628158
12622150
12618433
12623922
12627312
12627343
12622988
12626378
12623037
12617538
12622973
12619406
12620272
12617773
12625571
12620308
12626225
12626520
12618968
12620029
12624719
12624211
12621353
12618130
12624842
12618448
12620885
12623283
12624350
12619372
12623850
12618062
12622908
12621935
12620090
12618582
12623835
12622063
12618833
12619904
12624959
12619293
12618768
12622285
12627773
12626657
12626978
12623876
12620581
12621384
12624344
12620536
12626312
12619447
12626883
12618815
12624977
12618746
12627637
12620910
12619787
12623156
12628277
12618858
12626631
12628280
12617612
12627096
12622677
12617281
12620636
12627960
12621462
12626878
12627606
12625597
12625826
12621802
12620981
12626795
12621568
12625771
12623488
12628211
12623245
12622135
12619570
12623721
12624526
12625459
12623305
12622381
12618622
12617441
12617414
12627138
12626704
12625029
12625782
12628268
12627855
12619306
12626403
12621250
12627038
12624512
12625462
12621634
12622636
12625644
12623190
12619184
12622594
12628364
12619894
12621070
12627560
12618194
12622228
12626478
12623559
12621808
12622463
12617071
12625301
12627003
12624569
12625619
12625666
12621705
12624461
12626578
12618241
12620282
12618214
12621137
12627546
12619849
12624247
12623504
12621169
12619357
12627360
12624676
12628004
12627980
12628401
12622694
12628051
12619171
12617794
12620738
12619954
12627938
12621599
12627480
12626556
12626206
12617104
12621759
12626927
12620263
12621493
12621152
12618481
12626144
12626805
12623510
12619693
12624610
12621950
12617052
12617891
12627473
12623959
12620256
12622863
12619000
12623431
12627712
12627295
12619823
12628164
12618462
12621754
12625390
12620695
12626333
12621735
12623681
12625536
12625090
12620477
12620056
12623135
12624062
12627738
12618914
12617671
12626614
12617266
12622656
12627883
12623897
12617559
12627665
12627160
12625550
12619289
12620455
12618789
12625084
12626481
12623168
12620046
12622882
12625941
12624836
12620760
12620844
12618467
12625436
12622941
12623326
12618641
12617562
12621554
12627647
12617462
12623008
12627638
12624157
12626723
12617744
12626754
12619276
12618709
12625059
12617353
12627277
12625967
12627876
12621481
12624458
12627055
12623319
12620560
12626864
12623055
12620618
12618225
12619464
12617719
12628334
12624901
12619242
12618732
12622738
12624290
12620736
12627849
12623202
12617597
12622484
12627073
12626001
12618116
12625685
12617408
12625751
12625810
12624110
12621892
12618895
12623526
12620238
12619239
12625710
12625033
12626112
12623569
12619338
12623702
12626027
12627917
12617339
12626825
12619706
12622456
12617167
12627743
12626906
12625188
12618340
12620092
12624637
12618395
12621231
12617534
12618533
12621615
12620347
12623385
12625627
12618097
12621789
12619760
12617190
12621895
12617648
12617145
12619800
12628502
12627581
12621119
12628107
12622249
12621680
12626457
12625322
12621816
12625373
12617502
12628495
12624548
12626090
12623664
12620371
12621080
12618081
12621583
12626519
12618933
12624735
12624742
12618944
12624228
12624862
12622272
12628125
12620334
12618431
12618114
12625066
12624659
12627341
12627314
12617536
12622971
12622986
12619400
12621656
12622038
12627927
12626250
12626524
12625217
12618899
12620716
12620887
12624819
12618136
12617639
12623856
12623281
12624352
12619360
12621933
12622409
12624174
12624499
12618831
12622065
12619906
12623978
12620113
12618766
12622840
12624957
12622287
12627724
12620804
12627254
12627771
12620710
12626608
12625908
12626655
12619535
12625167
12622138
12625482
12620583
12622887
12621386
12624690
12626310
12622090
12623076
12625519
12618817
12624419
12619154
12618740
12624971
12621072
12623154
12619080
12619785
12618419
12628228
12623531
12628275
12626985
12620472
12620246
12622671
12627094
12617987
12617283
12617234
12617302
12623616
12627604
12621536
12621800
12620938
12620983
12625010
12625773
12628213
12618994
12623723
12617088
12624524
12619572
12620812
12627625
12623422
12623352
12626048
12623303
12618675
12622338
12622383
12617416
12617727
12621809
12626706
12620025
12625784
12625759
12622744
12626401
12624099
12627853
12624510
12625464
12621636
12625646
12621378
12619186
12619747
12628366
12623196
12628388
12622596
12624273
12618196
12619892
12622226
12623643
12622204
12619607
12621278
12621545
12628188
12627005
12621609
12628028
12617920
12625664
12621420
12626576
12618212
12624467
12618243
12621741
12627548
12619218
12624245
12622703
12623506
12619359
12624674
12627362
12624629
12628403
12619173
12628006
12619492
12622692
12621727
12619952
12627428
12627482
12627981
12626806
12619729
12625890
12624431
12626921
12625261
12617102
12618487
12620265
12626142
12621212
12624612
12625369
12621552
12621952
12621983
12621834
12618547
12623957
12623678
12627192
12619929
12627475
12622360
12619002
12627297
12618978
12619821
12623783
12620254
12621101
12627308
12621978
12625396
12620697
12626335
12623931
12625534
12625569
12624996
12617499
12621502
12625092
12623137
12618916
12624060
12619012
12623778
12617673
12618177
12619529
12620759
12617213
12622654
12627885
12623895
12617264
12627388
12626817
12622536
12625552
12627195
12628261
12620329
12621503
12620048
12627228
12620762
12618469
12624838
12625119
12621314
12620846
12619383
12623804
12623320
12620599
12617135
12622929
12620544
12621760
12618643
12617564
12627148
12624155
12627645
12619074
12617746
12619274
12626721
12622763
12621578
12627275
12627870
12625969
12620964
12625133
12617910
12625412
12627053
12620519
12620566
12618669
12621478
12617679
12626866
12620175
12628341
12625583
12621849
12622577
12624903
12624292
12619240
12623492
12617377
12626450
12619624
12623200
12623255
12619671
12622892
12627028
12627903
12626007
12625687
12627122
12624444
12618897
12625812
12620034
12625747
12626580
12620952
12624786
12623520
12623700
12620420
12626029
12620129
12618556
12617420
12627915
12619126
12626827
12619704
12619759
12617693
12626904
12620744
12618342
12621233
12624635
12617069
12618564
12624571
12620390
12620345
12623383
12625625
12619969
12619762
12618284
12627583
12619802
12627534
12628101
12622719
12628504
12626459
12622990
12627828
12625375
12617500
12625320
12618071
12628493
12618019
12627203
12628049
12621311
12623914
12621086
12624183
12626274
12624740
12618931
12624897
12619599
12622799
12618499
12627316
12624309
12619687
12622984
12623033
12621574
12623084
12628072
12619150
12622041
12621654
12617889
12619988
12626256
12625215
12627708
12625240
12624215
12617852
12618134
12620881
12623823
12624354
12619362
12623854
12621964
12622959
12618586
12622053
12622067
12622528
12618069
12624955
12619297
12618764
12617483
12627726
12627256
12623764
12617669
12619537
12627427
12622648
12625480
12617258
12621388
12624692
12622717
12626316
12621027
12624149
12626887
12618819
12618043
12620410
12620333
12621542
12617318
12623152
12619082
12624001
12628273
12619673
12622110
12618473
12617236
12622673
12617985
12622933
12627103
12627602
12621806
12626791
12626766
12620288
12625012
12624017
12618996
12618297
12619574
12620810
12624887
12620527
12623301
12618677
12623606
12622888
12621846
12617725
12628306
12622746
12621557
12627851
12620073
12620796
12625466
12621630
12620406
12621419
12617376
12625640
12623194
12619188
12622590
12619745
12628360
12621868
12627513
12623144
12620950
12619221
12620252
12627564
12618190
12623276
12622224
12619605
12619650
12628458
12627007
12619025
12628026
12628423
12617041
12621422
12626859
12627786
12624465
12619108
12618245
12621743
12618210
12626918
12625731
12622705
12624243
12623508
12621165
12620612
12618385
12624672
12619490
12628405
12622690
12620131
12627983
12622319
12623468
12626804
12620211
12619059
12618140
12617100
12625236
12626923
12624238
12618485
12626140
12626443
12623903
12624339
12621210
12621981
12622210
12624552
12625155
12621005
12618510
12623908
12622008
12627477
12623955
12623286
12621550
12622867
12619004
12623435
12625209
12627291
12618976
12623781
12619827
12628160
12628135
12622956
12625394
12620645
12625341
12620699
12626337
12626380
12617789
12621668
12623988
12623933
12625532
12620310
12625094
12624994
12626217
12623423
12620013
12619010
12624767
12618910
12624447
12618450
12618175
12624801
12627320
12623868
12617211
12623299
12627887
12623893
12622910
12622435
12619131
12627661
12622534
12621820
12618838
12620459
12626960
12625080
12623684
12627769
12625945
12625932
12620764
12626116
12625432
12623806
12619381
12620546
12623322
12617874
12617566
12621910
12623004
12625030
12624401
12626727
12617740
12622761
12627200
12627872
12624039
12626995
12625131
12625449
12620564
12627958
12621476
12626860
12623059
12620177
12619468
12627800
12628347
12625832
12622575
12625849
12624905
12618736
12620997
12624294
12623490
12625767
12623257
12617631
12628207
12617593
12619508
12626005
12623348
12626072
12627905
12622397
12617127
12627120
12625814
12624446
12626749
12625741
12620321
12619619
12624784
12618362
12618319
12623706
12620620
12619555
12619890
12622622
12628092
12623621
12620226
12623873
12618601
12627449
12622191
12627913
12620424
12617422
12623188
12628329
12627798
12617691
12627558
12626460
12618344
12626123
12620096
12622499
12618399
12621235
12624573
12617423
12621611
12618566
12623381
12620392
12625623
12627418
12621842
12619069
12626537
12617194
12618286
12619202
12617149
12619302
12620117
12627536
12628506
12617389
12628103
12619325
12619112
12626109
12623574
12627826
12625377
12625884
12618559
12628491
12626094
12627498
12625282
12621084
12620322
12624416
12624185
12626276
12618271
12624746
12620219
12621146
12628129
12618110
12619685
12617532
12623086
12622450
12617735
12628074
12622511
12619931
12622819
12626526
12626281
12627706
12625213
12617943
12624217
12620883
12621350
12623821
12620364
12624356
12619364
12621966
12626349
12617549
12620683
12624170
12626748
12618584
12618835
12622069
12622833
12620469
12618762
12617481
12622844
12624953
12622283
12627720
12618959
12624728
12626972
12623766
12617667
12626651
12619531
12625486
12620587
12626363
12626314
12626885
12620118
12620005
12620447
12624928
12618041
12618719
12620637
12626982
12619084
12624003
12619781
12628224
12628271
12624822
12626989
12618471
12622112
12620834
12617983
12617230
12622931
12620126
12618657
12627600
12627105
12625879
12619539
12626764
12626739
12621016
12625014
12625915
12621570
12623727
12624528
12620816
12625176
12623604
12620525
12618671
12623067
12619454
12621055
12622099
12628304
12628359
12626702
12625788
12622740
12620075
12618329
12627089
12621192
12625468
12621632
12624382
12625642
12625693
12624128
12621718
12622592
12621184
12621796
12624277
12619223
12625708
12618192
12622222
12623221
12623274
12619652
12619603
12617095
12621872
12622469
12627009
12620250
12628421
12626055
12628024
12625668
12621424
12626572
12626589
12627784
12618247
12621745
12617179
12620281
12624241
12625733
12622707
12626139
12618387
12624670
12624625
12620511
12628407
12628002
12627451
12620355
12627985
12622317
12626509
12625894
12617157
12619878
12628119
12626117
12623158
12621216
12626552
12624550
12618512
12618543
12623953
12619037
12627479
12621098
12617053
12623437
12619006
12624707
12627293
12618974
12618929
12619825
12619852
12628137
12623787
12620127
12627809
12625343
12626382
12625530
12625565
12620770
12620312
12625096
12617973
12626215
12624761
12623421
12618912
12620011
12626456
12620267
12618154
12618173
12624803
12617965
12618452
12617217
12617948
12627889
12623891
12627322
12623866
12622433
12622912
12621929
12623667
12627663
12619912
12619283
12626115
12627224
12625930
12620766
12622333
12620332
12625430
12623800
12618696
12621912
12620540
12622946
12623006
12618865
12624403
12627649
12619679
12617742
12626725
12618006
12622767
12617355
12617322
12627279
12627206
12617608
12620619
12626997
12625137
12617279
12622667
12620154
12624361
12621474
12621844
12626862
12620179
12621818
12628345
12625587
12620431
12625830
12624907
12624296
12618738
12623496
12625765
12625068
12619620
12628205
12623251
12618498
12617633
12628250
12623759
12620735
12624534
12627079
12626070
12618638
12627907
12617479
12618117
12621147
12621898
12625816
12625756
12625035
12625042
12624782
12618360
12623704
12619121
12620622
12628468
12627214
12622620
12623623
12618603
12617424
12622947
12619192
12628390
12619700
12627556
12627830
12626462
12618346
12625995
12621237
12621280
12627013
12624575
12620394
12621317
12620349
12620189
12623458
12618886
12617196
12618280
12619200
12619806
12627530
12623576
12619327
12622994
12627824
12617056
12620050
12626096
12620236
12626836
12624187
12626270
12624744
12618935
12626937
12624893
12627926
12625197
12622278
12624606
12623176
12622452
12625795
12617530
12623080
12628076
12622513
12622032
12619933
12622378
12626283
12626528
12617653
12625211
12627704
12625244
12624219
12618138
12620749
12626161
12623827
12624358
12620101
12621960
12620681
12624493
12618840
12623695
12618797
12624951
12622343
12620467
12620066
12618760
12617487
12623129
12624058
12627722
12623760
12620807
12628141
12626970
12619584
12620245
12622644
12625484
12617254
12617209
12618418
12626361
12625546
12627679
12623685
12621693
12618047
12620441
12618038
12619031
12623400
12619086
12624005
12628226
12619295
12621537
12624820
12622114
12620907
12623820
12623597
12617232
12620473
12617981
12617289
12618655
12627968
12627657
12627107
12619264
12620989
12626762
12621560
12623131
12625016
12622779
12627247
12624013
12618992
12625917
12620814
12625451
12620523
12617074
12627154
12617449
12623065
12626292
12619452
12619449
12622549
12628302
12620909
12622742
12621009
12628299
12620077
12626693
12627030
12618836
12621194
12624380
12626039
12625691
12626591
12628189
12624434
12620923
12624275
12619225
12623272
12622220
12627129
12623551
12623640
12617097
12617079
12622207
12621544
12628427
12626057
12622323
12621426
12622832
12626587
12627782
12624469
12626570
12621747
12626914
12617177
12625735
12624310
12626137
12621249
12624627
12618381
12619494
12628409
12620060
12628059
12620357
12627987
12627422
12619776
12626808
12625896
12617151
12627579
12624120
12627193
12628117
12626111
12621263
12625318
12621214
12624618
12625363
12624556
12621670
12618541
12628489
12618514
12623672
12621833
12623951
12625600
12619008
12623439
12624705
12621183
12619850
12618972
12628131
12620293
12627302
12627379
12625398
12625345
12626384
12625567
12623689
12620314
12625098
12626213
12620017
12621501
12625285
12622216
12628260
12624203
12618454
12618171
12624805
12622179
12627324
12623864
12623839
12624324
12624341
12622431
12617551
12623454
12619135
12622015
12627365
12622530
12625558
12619910
12619281
12622876
12626489
12625936
12619123
12620768
12625498
12624598
12623802
12625117
12619385
12620593
12618694
12621914
12626326
12619431
12617134
12623000
12618867
12620122
12624989
12618004
12618701
12622765
12627204
12619799
12626672
12626623
12622665
12625135
12620789
12617913
12626103
12624363
12621472
12620411
12627179
12625585
12625836
12624909
12620433
12620993
12623171
12621039
12621662
12623494
12625763
12623253
12617635
12628252
12619622
12628203
12625958
12624536
12619504
12617456
12620035
12622893
12626076
12621409
12622393
12627153
12617400
12621442
12627124
12625818
12621728
12619643
12625040
12625718
12624780
12618366
12626581
12624085
12620624
12619559
12625472
12622626
12628096
12623362
12618605
12625658
12623184
12619190
12624153
12619757
12628392
12622568
12627554
12627509
12626464
12623239
12618348
12627832
12621282
12627011
12624577
12618562
12626018
12620396
12625676
12624457
12618884
12619768
12617198
12618282
12618253
12619206
12627589
12617385
12622241
12619321
12623570
12622996
12627822
12617058
12619488
12619344
12626098
12627752
12626272
12626511
12618275
12617118
12626935
12620215
12621142
12618497
12624891
12626158
12617995
12624303
12627349
12624604
12623082
12621944
12623039
12618508
12628078
12622030
12621736
12627405
12617878
12624733
12619935
12622815
12626258
12626285
12626627
12627702
12625246
12617651
12621770
12617928
12628178
12620248
12619591
12626163
12623289
12621962
12626345
12626398
12617849
12624491
12623925
12618846
12623970
12622345
12620465
12620368
12617485
12622848
12621525
12623127
12627779
12620009
12626976
12619586
12623762
12617663
12628143
12618428
12622646
12627891
12627424
12626367
12622968
12625511
12625544
12627677
12620443
12618748
12618045
12624979
12623402
12624007
12619033
12628220
12625977
12617618
12624826
12618475
12618402
12622679
12622116
12620830
12619057
12623595
12617572
12622935
12622410
12618653
12618997
12627651
12618296
12618828
12617758
12626760
12619266
12619347
12621562
12627245
12625911
12624011
12621847
12625453
12625172
12620574
12624379
12620521
12618628
12623063
12624130
12619450
12626898
12628369
12622095
12628300
12628355
12624913
12623355
12626691
12621196
12627032
12626037
12620975
12624386
12626593
12625697
12624124
12625864
12619227
12627515
12623557
12623270
12623147
12619656
12617091
12619567
12619109
12623736
12628425
12628452
12626051
12628020
12623637
12619024
12622897
12621428
12617040
12626585
12627780
12620144
12621749
12621061
12626916
12625737
12626135
12626418
12618383
12618334
12624621
12624509
12620613
12627420
12620351
12625639
12622313
12619721
12619774
12623462
12621650
12626929
12620212
12628512
12619874
12628115
12626113
12626432
12620227
12625361
12623902
12624554
12618516
12622211
12623670
12621558
12625602
12621094
12622368
12624703
12618970
12618925
12619829
12619856
12628133
12628184
12618108
12627300
12622448
12624656
12626386
12622951
12623939
12622079
12625561
12621782
12620074
12620316
12626244
12621539
12626211
12624068
12625287
12624201
12624807
12618126
12620751
12618456
12626613
12624326
12627326
12623862
12617553
12622916
12621014
12619137
12618807
12620162
12622017
12619916
12619287
12619526
12625270
12627220
12617828
12625111
12621139
12617919
12620591
12621916
12624684
12621491
12626324
12623002
12618861
12620120
12619433
12623993
12624930
12621042
12618703
12618002
12623148
12619029
12617326
12627758
12626621
12626674
12622663
12617999
12624365
12627952
12621470
12627618
12621814
12623440
12620435
12625834
12620991
12624439
12623173
12625064
12628201
12618988
12628254
12623755
12624530
12623614
12626074
12623339
12622391
12627151
12626716
12619162
12625039
12625046
12617348
12618313
12624087
12627869
12624030
12618364
12621109
12620626
12628094
12625470
12620809
12623364
12617783
12622624
12620500
12617428
12620221
12619196
12628376
12623186
12628394
12617702
12619751
12619259
12624265
12627552
12626183
12627834
12620098
12623549
12625991
12617588
12621284
12626536
12617061
12627017
12619303
12620398
12625670
12623552
12620185
12624455
12621327
12618251
12618882
12619204
12622711
12619660
12623572
12617387
12623211
12619323
12622998
12624417
12617508
12619111
12628475
12621756
12628041
12621768
12617238
12627492
12627469
12621589
12619702
12626513
12626832
12618277
12626933
12624222
12625193
12620270
12624653
12621226
12617163
12621123
12620665
12623920
12619937
12623113
12626287
12622817
12619076
12617657
12621772
12627700
12626165
12623837
12621351
12618699
12618520
12620685
12626347
12624497
12618844
12623972
12623923
12620498
12618793
12621527
12622347
12620463
12623125
12618906
12624777
12617661
12624879
12626602
12619580
12624721
12622780
12622640
12617250
12617205
12627897
12626635
12622429
12626365
12625542
12627675
12625513
12622058
12620418
12618903
12626230
12619035
12617808
12623404
12624009
12625928
12628222
12620634
12624853
12625975
12620898
12624824
12622118
12619395
12622412
12617570
12621189
12627653
12622553
12619260
12626737
12621564
12622298
12617367
12622775
12627243
12625913
12626668
12620818
12625170
12625125
12621571
12625455
12620576
12622825
12623061
12624132
12619100
12628357
12625808
12622545
12624911
12626708
12618720
12617301
12622218
12621466
12619097
12628295
12628248
12626697
12627376
12621797
12626068
12624792
12626368
12627975
12624384
12626035
12617873
12625695
12621411
12626595
12622598
12621835
12624122
12621860
12620927
12626788
12625007
12620958
12619144
12624421
12623227
12618358
12623734
12617093
12619565
12628088
12628450
12621707
12623635
12626053
12619804
12622327
12621358
12617454
12626583
12620146
12618218
12625143
12626910
12625739
12620787
12621063
12620084
12617162
12618336
12626133
12621245
12624623
12621298
12621135
12620164
12622698
12621629
12620353
12627426
12622311
12619772
12623460
12619051
12618298
12617108
12618666
12628510
12626430
12628113
12626148
12621267
12617514
12622472
12623407
12625367
12620611
12621674
12626082
12623900
12625604
12621096
12624191
12626268
12624754
12617506
12618927
12624701
12619854
12619881
12628186
12618106
12628168
12627306
12624649
12620124
12622446
12625349
12628062
12622077
12625563
12619949
12627448
12626530
12625887
12625281
12618918
12618120
12620753
12624207
12621121
12627328
12617935
12623291
12624320
12626114
12621998
12626567
12617555
12619139
12622011
12623585
12624489
12617859
12618805
12619914
12619285
12622872
12627288
12627222
12625272
12627761
12626948
12623798
12625494
12625113
12620026
12619389
12624682
12622880
12621918
12626322
12621903
12625509
12618863
12624409
12623991
12624932
12618705
12617324
12623418
12627208
12617822
12626676
12617226
12622661
12625139
12622164
12627393
12627950
12624367
12626868
12627175
12625841
12620437
12623175
12625794
12621518
12623498
12626494
12618986
12628256
12624585
12623757
12619500
12621076
12624895
12618689
12623340
12620539
12617473
12627157
12617404
12627128
12621829
12626741
12619979
12622756
12625044
12625749
12621452
12620326
12624032
12618311
12620628
12625476
12627048
12617834
12623629
12620502
12623366
12618609
12627217
12619471
12625654
12623040
12619194
12628321
12619753
12628374
12617704
12624267
12627550
12618184
12627505
12627836
12620168
12622491
12621286
12622982
12617063
12625993
12627015
12621619
12621725
12621432
12618411
12625672
12624453
12621883
12618880
12620187
12618257
12621810
12625723
12623213
12622245
12620237
12619662
12619484
12628477
12628043
12628499
12627467
12627928
12622047
12627490
12626830
12626515
12622231
12618279
12626931
12617887
12624224
12618493
12620287
12624307
12621224
12621940
12626254
12618137
12622034
12625060
12627401
12619982
12623398
12621444
12622811
12623447
12626289
12619070
12617680
12618401
12617655
12621774
12619815
12622056
12626167
12619040
12625380
12626341
12620102
12618522
12624495
12623921
12623974
12622349
12620461
12620496
12618791
12621521
12626209
12627728
12624775
12623123
12618951
12618904
12624720
12619582
12617966
12622782
12628147
12622092
12622143
12620222
12618424
12620806
12622642
12627895
12627354
12620712
12622964
12627688
12625515
12617760
12625540
12620339
12618049
12626232
12623406
12619789
12618020
12625973
12624851
12618479
12618406
12623816
12625109
12619397
12623591
12621534
12620900
12622939
12622414
12623018
12627608
12619427
12622555
12619262
12626731
12617338
12622777
12621566
12627742
12623132
12619448
12625457
12620570
12618679
12624134
12622091
12627627
12628351
12625806
12618726
12624917
12624280
12617303
12622748
12619095
12621486
12626640
12628297
12617623
12626695
12627081
12627036
12617292
12626033
12627977
12621413
12617438
12618842
12624432
12621862
12625860
12620228
12620925
12620201
12625700
12625005
12624798
12622341
12618356
12619563
12623732
12620870
12623393
12628456
12622616
12623633
12620388
12618613
12618799
12622325
12626853
12621786
12621065
12626912
12626131
12620086
12626414
12618330
12625989
12621247
12624313
12624505
12617439
12627936
12620067
12619725
12619770
12623466
12628319
12627526
12619236
12628516
12619870
12628111
12621394
12626449
12626436
12626604
12619337
12622470
12621265
12627662
12625365
12617516
12625312
12620802
12621182
12624558
12628438
12621676
12621711
12623674
12625606
12621330
12621090
12626266
12624197
12617820
12624756
12619883
12618921
12622266
12628180
12618104
12625187
12627373
12621790
12627304
12624319
12623096
12628060
12621107
12622075
12620342
12626240
12624769
12625252
12625229
12625283
12624205
12621500
12618122
12620755
12623293
12628263
12624322
12619370
12624661
12621004
12617557
12621921
12618803
12622013
12623968
12622870
12622353
12625274
12627763
12621766
12622108
12625496
12623808
12620595
12621448
12624680
12621495
12626320
12624159
12623997
12621688
12620307
12619175
12624934
12618057
12618707
12624075
12617600
12618447
12622166
12627395
12623888
12622907
12627956
12620962
12617912
12626100
12627177
12625521
12625847
12620439
12619407
12626496
12623177
12625792
12618984
12625907
12623751
12620673
12619502
12624587
12625429
12619642
12623346
12618630
12627364
12620036
12627180
12617471
12623545
12627155
12626712
12626743
12621048
12622206
12627260
12618317
12624034
12624400
12619124
12625151
12623368
12620504
12625652
12623042
12621368
12619473
12628372
12623182
12625829
12617706
12628323
12624050
12619255
12618182
12624261
12626187
12623248
12627838
12619639
12623233
12617087
12627060
12617065
12628417
12617855
